1
128
1
105
1
29
1
215
1
138
1
128
1
212
1
106
1
147
1
212
1
96
1
15
1
13
1
265
1
121
1
172
1
177
1
296
1
91
1
48
1
148
1
140
1
188
1
31
2
143
2
239
2
77
2
276
2
108
2
272
2
81
2
172
2
253
2
37
2
292
2
253
2
219
2
238
2
275
2
7
2
181
2
120
2
151
2
295
2
240
3
40
3
193
3
26
3
106
3
211
3
40
3
109
3
19
3
166
3
138
3
126
3
284
3
81
3
236
3
193
3
268
3
207
3
292
3
14
4
3
4
289
4
148
4
190
4
35
4
112
4
4
4
146
4
242
4
147
4
63
4
62
4
124
4
166
4
19
4
273
4
118
4
186
4
105
5
220
5
24
5
5
5
95
5
34
5
262
5
286
5
282
5
17
5
89
5
260
5
187
5
293
5
281
5
237
5
249
5
4
6
253
6
143
6
103
6
12
6
213
6
40
6
260
6
32
6
121
6
210
6
61
6
77
6
76
6
280
6
252
6
141
6
121
6
251
6
139
6
294
6
237
6
80
6
272
6
248
7
61
7
3
7
214
7
139
7
157
7
242
7
165
7
56
7
201
7
125
7
231
7
234
7
33
7
178
7
164
7
2
7
177
7
227
7
71
8
141
8
229
8
272
8
280
8
263
8
139
8
94
8
10
8
53
8
22
8
59
8
276
8
209
8
284
8
69
8
245
8
164
8
281
8
141
8
264
8
207
9
299
9
258
9
228
9
109
9
160
9
97
9
283
9
291
9
110
9
224
9
267
9
174
9
169
9
246
9
85
9
116
10
87
10
208
10
192
10
61
10
28
10
235
10
34
10
218
10
101
10
147
10
109
10
48
10
240
10
113
10
278
10
96
10
174
10
293
10
128
10
201
